x_full : smoothed_inkcount  (every 15px)
250 0
265 0
280 0
295 0
310 0
325 11
340 178
355 462
370 558
385 398
400 485
415 513
430 547
445 98
460 0
475 0
490 0
505 31
520 99
535 164
550 193
565 203
580 86
595 1
610 0
625 20
640 147
655 231
670 222
685 248
700 287
715 157
730 1
745 0
760 0
775 18
790 236
805 216
820 224
835 146
850 0
865 29
880 23
895 11
910 19
925 224
940 248
955 250
970 130
985 1
1000 0
1015 0
1030 0
1045 7
1060 164
1075 205
1090 154
1105 120
1120 3
1135 0
1150 0
1165 93
1180 154
1195 253
1210 232
1225 307
1240 305
1255 42
1270 0
1285 0
1300 0
1315 4
1330 148
1345 275
1360 187
1375 183
1390 16
1405 0
1420 0
1435 0
1450 1
1465 169
1480 211
1495 238
1510 162
1525 5
1540 0
1555 0
1570 0
1585 37
1600 322
1615 282
1630 320
1645 129
1660 0
1675 0
1690 0
1705 8
1720 199
1735 375
1750 313
1765 280
1780 35
1795 0
1810 0
1825 0
1840 0
1855 181
1870 287
1885 227
1900 284
1915 54
1930 0
1945 0
1960 0
1975 0
1990 59
2005 261
2020 257
2035 290
2050 77
2065 0
2080 0
2095 1
